CameraType=OpenCV
fx=1.1233668958275252e+03
fy=1.1226277889375433e+03
cx=9.8319944365316883e+02
cy=5.2851313656667946e+02
//distortion
k1=-2.7476442573321441e-01
k2=1.2337065928540704e-01 
p1=5.2773440166316873e-04
p2=-9.8611263887143225e-04 
k3=-3.6219205136496173e-02

