CameraType=PinHole
fx=1110
fy=1110
cx=960
cy=540
